move 5 over 6
[[0], [1], [2], [3], [4], [5], [6]]
[0, 1, 2, 3, 4, 5, 6]
move 3 over 6
[[0], [1], [2], [3], [4], [], [6, 5]]
[0, 1, 2, 3, 4, 6, 6]
pile 6 over 2
[[0], [1], [2], [], [4], [], [6, 5, 3]]
[0, 1, 2, 6, 4, 6, 6]
2 6 0 0

[[0], [1], [2, 6, 5, 3], [], [4], [], []]
[0, 1, 2, 2, 4, 2, 2]
move 6 over 6
[[0], [1], [6, 5, 3, 2], [], [4], [], []]
[0, 1, 2, 2, 4, 2, 2]
pile 2 onto 3
[[0], [1], [5, 3, 2, 6], [], [4], [], []]
[0, 1, 2, 2, 4, 2, 2]
2 2 1 2
move 1 onto 2
[[0], [1], [5, 3, 2, 6], [], [4], [], []]
[0, 1, 2, 2, 4, 2, 2]
move 2 over 3
[[0], [], [5, 3, 2, 1, 6], [], [4], [], []]
[0, 2, 2, 2, 4, 2, 2]
pile 1 over 3
[[0], [], [5, 3, 1, 6, 2], [], [4], [], []]
[0, 2, 2, 2, 4, 2, 2]
2 2 1 2
move 5 onto 4
[[0], [], [5, 3, 1, 6, 2], [], [4], [], []]
[0, 2, 2, 2, 4, 2, 2]
0: 0
1:
2: 3 1 6 2
3:
4: 4 5
5:
6:
